2 0.54453125 0.18671875 0.1113037109375 0.1113037109375
1 0.5875 0.446875 0.215869140625 0.21591796875
0 0.51796875 0.09140625 0.07333984375 0.07333984375
2 0.09921875 0.09765625 0.0421875 0.1
1 0.44296875 0.109375 0.070263671875 0.071533203125
2 0.6109375 0.1203125 0.0845458984375 0.0845458984375
2 0.18984375 0.121875 0.063818359375 0.131298828125
2 0.83671875 0.13203125 0.0609375 0.061181640625
2 0.953125 0.1484375 0.050146484375 0.090576171875
2 0.87734375 0.16484375 0.1044921875 0.1044921875
2 0.76328125 0.17109375 0.1513427734375 0.1517822265625
1 0.34453125 0.17265625 0.18603515625 0.1860595703125