3 0.8798076923076923 0.171875 0.2283653846153846 0.21754807692307693
3 0.11538461538461539 0.49278846153846156 0.20432692307692307 0.2932692307692308
3 0.37740384615384615 0.4951923076923077 0.20552884615384615 0.2848557692307692
3 0.875 0.49759615384615385 0.20793269230769232 0.25
3 0.6286057692307693 0.5036057692307693 0.21995192307692307 0.25240384615384615
3 0.125 0.828125 0.21634615384615385 0.27524038461538464
3 0.36899038461538464 0.8317307692307693 0.21634615384615385 0.24759615384615385
3 0.8846153846153846 0.8329326923076923 0.21394230769230768 0.2620192307692308
3 0.625 0.8377403846153846 0.21875 0.25600961538461536
3 0.36899038461538464 0.15625 0.22115384615384615 0.2704326923076923
3 0.6117788461538461 0.16105769230769232 0.18870192307692307 0.2668269230769231
3 0.12860576923076922 0.16706730769230768 0.22956730769230768 0.21875