2 0.54453125 0.18671875 0.082763671875 0.158154296875
1 0.5875 0.446875 0.2185791015625 0.218603515625
0 0.51796875 0.09140625 0.07333984375 0.07333984375
2 0.09921875 0.09765625 0.0392578125 0.0986328125
1 0.44296875 0.109375 0.070654296875 0.071728515625
2 0.6109375 0.1203125 0.090380859375 0.090380859375
2 0.18984375 0.121875 0.0519287109375 0.1283447265625
2 0.83671875 0.13203125 0.05625 0.0576416015625
2 0.953125 0.1484375 0.0595458984375 0.0941162109375
2 0.87734375 0.16484375 0.0640625 0.1357421875
2 0.76328125 0.17109375 0.1421630859375 0.1449462890625
1 0.34453125 0.17265625 0.1263671875 0.258056640625