1 0.163281 0.264062 0.048438 0.062500
1 0.221875 0.273438 0.050000 0.065625
1 0.319531 0.319531 0.057813 0.085938
1 0.391406 0.342969 0.060937 0.092188
1 0.113281 0.357031 0.045312 0.082812
1 0.550781 0.400781 0.073438 0.098437
1 0.750000 0.415625 0.093750 0.121875
1 0.170313 0.438281 0.071875 0.139063
1 0.246094 0.453906 0.114062 0.148438
1 0.928125 0.456250 0.137500 0.150000
1 0.561719 0.053906 0.070312 0.092188
1 0.658594 0.534375 0.148438 0.228125
1 0.349219 0.538281 0.151562 0.201563
0 0.052344 0.096875 0.054688 0.087500
2 0.410156 0.147656 0.042188 0.048438
