1 0.164062 0.264062 0.062500 0.062500
1 0.221875 0.272656 0.059375 0.070312
1 0.319531 0.319531 0.073438 0.073438
1 0.391406 0.342187 0.079687 0.078125
1 0.113281 0.357031 0.070312 0.067187
1 0.551562 0.400781 0.093750 0.092188
1 0.750000 0.415625 0.109375 0.109375
1 0.171094 0.438281 0.107813 0.107813
1 0.246094 0.453125 0.123438 0.156250
1 0.925781 0.456250 0.148437 0.165625
1 0.561719 0.053125 0.070312 0.093750
1 0.658594 0.534375 0.157812 0.234375
1 0.350000 0.538281 0.181250 0.182812
0 0.053125 0.096875 0.075000 0.075000
2 0.410938 0.148438 0.046875 0.046875
