1 0.163281 0.264062 0.054688 0.068750
1 0.221875 0.272656 0.062500 0.060937
1 0.319531 0.319531 0.079687 0.079687
1 0.391406 0.342187 0.076563 0.078125
1 0.113281 0.357031 0.067187 0.064062
1 0.551562 0.400781 0.087500 0.089063
1 0.750000 0.415625 0.118750 0.118750
1 0.171094 0.438281 0.079687 0.142187
1 0.246875 0.453125 0.137500 0.137500
1 0.926562 0.456250 0.146875 0.146875
1 0.561719 0.053125 0.089063 0.087500
1 0.658594 0.534375 0.189062 0.190625
1 0.350000 0.538281 0.181250 0.182812
0 0.053125 0.096875 0.075000 0.075000
2 0.410938 0.147656 0.046875 0.051562
