1 0.83671875 0.26484375 0.0611328125 0.0611083984375
1 0.77890625 0.2734375 0.057958984375 0.071484375
1 0.68125 0.3203125 0.0720947265625 0.0720947265625
1 0.609375 0.34296875 0.078173828125 0.07685546875
1 0.8875 0.3578125 0.0689697265625 0.068505859375
1 0.44921875 0.4015625 0.09248046875 0.093505859375
1 0.25078125 0.41640625 0.1081298828125 0.10810546875
1 0.8296875 0.4390625 0.1064453125 0.10634765625
1 0.75390625 0.45390625 0.1234375 0.1548828125
1 0.07421875 0.45625 0.1484375 0.165625
1 0.4390625 0.05390625 0.071533203125 0.0923828125
1 0.3421875 0.53515625 0.1593505859375 0.2357177734375
1 0.65078125 0.5390625 0.18271484375 0.183984375
2 0.58984375 0.1484375 0.04541015625 0.046875