1 0.49921875 0.21015625 0.11708984375 0.11708984375
1 0.278125 0.225 0.109716796875 0.18779296875
1 0.0640625 0.2390625 0.128125 0.159375
1 0.73359375 0.28671875 0.1263427734375 0.1263916015625
1 0.36796875 0.2875 0.170654296875 0.172021484375
1 0.8703125 0.30625 0.14052734375 0.14091796875
1 0.18125 0.32734375 0.1623046875 0.1609375
1 0.62265625 0.328125 0.12314453125 0.12216796875
1 0.25390625 0.45078125 0.196875 0.196875
0 0.42890625 0.528125 0.092138671875 0.187451171875
1 0.6296875 0.5296875 0.175 0.1752197265625