2 0.54453125 0.18671875 0.06953125 0.15390625
1 0.5875 0.446875 0.13515625 0.2703125
0 0.51796875 0.09140625 0.0359375 0.096875
2 0.09921875 0.09765625 0.0375 0.0984375
1 0.44296875 0.109375 0.04296875 0.09296875
2 0.6109375 0.1203125 0.04609375 0.11484375
2 0.18984375 0.121875 0.05078125 0.12890625
2 0.83671875 0.13203125 0.0359375 0.07734375
2 0.953125 0.1484375 0.04921875 0.08984375
2 0.87734375 0.16484375 0.0578125 0.1328125
2 0.76328125 0.17109375 0.08203125 0.19921875
1 0.34453125 0.17265625 0.103125 0.25234375