1 0.83671875 0.26484375 0.0546875 0.0673583984375
1 0.77890625 0.2734375 0.0610107421875 0.06240234375
1 0.68125 0.3203125 0.078173828125 0.078173828125
1 0.609375 0.34296875 0.0751953125 0.07666015625
1 0.8875 0.3578125 0.0656494140625 0.062841796875
1 0.44921875 0.4015625 0.08896484375 0.0876220703125
1 0.25078125 0.41640625 0.1173095703125 0.11728515625
1 0.8296875 0.4390625 0.078515625 0.143701171875
1 0.75390625 0.45390625 0.1375 0.1375
1 0.0734375 0.45625 0.146875 0.146875
1 0.4390625 0.05390625 0.0876220703125 0.08623046875
1 0.3421875 0.53515625 0.190478515625 0.189111328125
1 0.65078125 0.5390625 0.17998046875 0.181298828125
0 0.94765625 0.09765625 0.07353515625 0.07353515625
2 0.58984375 0.1484375 0.046875 0.050244140625