1 0.83671875 0.26484375 0.0484375 0.06328125
1 0.77890625 0.2734375 0.05078125 0.065625
1 0.68125 0.3203125 0.05703125 0.08515625
1 0.609375 0.34296875 0.0609375 0.0921875
1 0.8875 0.3578125 0.04453125 0.0828125
1 0.44921875 0.4015625 0.0734375 0.09765625
1 0.25078125 0.41640625 0.09296875 0.121875
1 0.8296875 0.4390625 0.071875 0.1390625
1 0.75390625 0.45390625 0.1140625 0.1484375
1 0.07265625 0.45703125 0.13671875 0.15078125
1 0.4390625 0.05390625 0.06953125 0.0921875
1 0.3421875 0.53515625 0.14921875 0.22890625
1 0.65078125 0.5390625 0.1515625 0.2015625
0 0.94765625 0.09765625 0.0546875 0.0875
2 0.58984375 0.1484375 0.0421875 0.0484375